20 30
3
0 0
29 0
14 0
14 19
000000000000000000000000000000
011000000000000000000000000110
011000110000000000001100000110
000000110000000000001100000000
000000000000000000000000000000
000001111100000000011111000000
000001000100000000010001000000
000001000100000000010001000000
000001111100000000011111000000
000000000000000000000000000000
000000000001111111100000000000
000000000001000000100000000000
000000000001000000100000000000
000000000001111111100000000000
000000000000000000000000000000
000011000000000000000001100000
000011000110000000001100110000
000000000110000000001100000000
000000000000000000000000000000
000000000000000000000000000000
