40 40
6
36 24
16 2
26 27
18 2
37 39
3 34
25 20
0010000000000001000000111000000000010000
0000000001000100001000001000000011000000
0000000010000000000000001001000000001010
0000000000000000001000000000000000001000
0000000000001000000010000001001000100000
1000110100000001000000000001000000010000
0100100000000000110001000001111000001000
0001000001000000001001000000001001000010
1000101000000100000000100010000100000000
0010000000000010000100001010010000000001
0000011000100100000011001100000001000000
0000000000001011001110000000000000010000
1000010000000001100000000000010010001000
0001100000100000011101000000010001000000
0010000000000000000000000010000000101100
0110001000110000010011000000000000100001
1001000000000000000010001001000000000010
0001000000101010100000011000000000010000
0000100000010001100110000010000001000000
0000000000000000100010100001000000000010
0000100100000001000000000010000010000010
0000010000000000000000000001000010000000
0010000011000001010000000000000000000001
1000100000100000100000000010000000001100
0000001110001010000000000000010010001000
0000010000000010001100010000000001000000
0000000000100001001000001000000000000000
0010110000000000010000001000001000000000
0000000000000110100100101001100000001100
0001000000000001001000000000011010000000
0001000000000000001000100010000000000000
1000000001010100100110101010000000010100
0100100100100001100000000000000010001010
0010000000000001100010000000000000000001
0000000000000000010000000010000100000000
0000000010100010000000000000000000000000
0010000011000000000100011000000101010000
0000100001000111000010000001000000000000
0000000010000000000000010000010000000000
0100010100010000100001100000100000000000
